7178
2601
4950
4410
5978
7855
5500
4066
4545
2467
5090
4240
7788
98
118
3924
1452
2997
4409
3232
7406
3898
8006
8522
6221
8388
9868
5372
2817
6640
4036
2414
4827
5599
8457
8429
9219
1087
3190
617
1661
7032
5541
6169
732
5359
19
1746
5382
1261
7693
3384
6325
3261
2237
7544
5559
1149
6964
3477
9169
1504
415
6276
9595
7489
367
4485
3073
9127
9543
5659
7227
3822
1790
4934
8888
6749
9304
7176
8547
5708
3474
3326
1979
4943
2761
7386
7647
2745
9604
4831
9927
6111
5040
6921
1669
7868
285
1184
8131
8621
972
9877
8927
670
8978
7617
3582
1230
4249
7991
3564
2657
4432
4758
5559
7635
8282
1832
3673
9977
4717
9385
680
3895
2681
2174
4165
945
6108
2404
7599
3491
9467
8835
852
9931
5779
3585
36
5465
9831
8590
2836
2663
3458
9400
398
4273
255
1351
5414
5076
1936
7285
6844
9906
5956
6619
6044
857
9246
3267
5013
4178
2734
9116
7460
5933
6313
3831
4566
5786
2772
8291
5072
5788
5875
7846
1938
7470
5554
8074
3087
9747
293
3348
3613
2830
6628
6128
833
1691
8872
2561
7629
8139
5605
7168
8335
935
897
4517
3184
8361
4261
5359
996
6041
3421
8576
8677
4497
7361
1756
5068
2698
22
3368
7358
860
5310
3079
3834
9806
2599
6770
8285
2397
2967
9983
9015
4163
6490
2861
7276
1971
5883
7635
4978
9688
7347
9302
7871
3103
5974
5855
8718
7993
1641
3477
9944
4722
9879
6280
5466
4614
9121
2917
7081
5737
9677
7054
1343
5774
6153
2443
5253
4860
9305
169
648
4119
6454
2588
2094
7897
1443
399
5614
4456
5932
3998
163
9816
5063
2288
8115
4877
3393
7326
7573
4055
5104
4754
2428
5555
3412
8621
7225
785
7979
5255
3583
3190
4531
122
482
4485
2774
7032
2677
9013
6273
5670
5190
519
1283
7183
2978
7651
5834
2702
560
9138
1870
6164
368
5048
8761
4788
1099
7862
667
5569
1327
9989
8840
615
2716
4941
4610
6069
4455
4840
9817
250
3181
2066
2149
8243
4041
2582
5089
9654
191
9432
907
6418
3232
1162
2596
9827
4023
9193
7681
7235
8305
8870
8687
9310
8480
2911
5960
8147
7480
2434
5549
2308
1873
5023
7782
8773
651
5402
1524
4999
2250
6603
8220
8128
6510
9414
7284
3886
3042
7909
6688
2099
9983
6574
5303
1184
4706
2404
25
3779
2121
7708
6000
3751
6137
8391
6948
5040
8622
7508
6174
3262
3842
8957
3424
6481
2062
8057
3274
3203
3820
9872
7481
7216
616
2192
3342
5130
3950
8009
7886
8755
9234
5924
9264
4964
3629
9063
2084
2322
6836
2799
311
371
1078
7972
2970
8060
3783
9335
9607
5561
4669
3550
1471
5072
3268
8022
8629
9540
2742
8068
5876
8599
1853
5836
1042
6292
2979
8389
5860
1499
1033
4029
1515
7763
9506
6072
175
6814
2717
6476
6289
8818
7528
4570
268
5507
8496
1797
9621
3050
1502
1711
3281
4052
9990
9329
9992
1317
5683
1664
6876
7367
5151
9963
9489
9929
9581
8926
1581
9942
1775
9976
4558
7068
1438
5335
791
6586
1425
6451
5025
5080
3639
2283
9216
3419
6271
5415
8224
1247
658
1634
3909
9667
4618
2648
3035
4834
3265
6198
2283
5413
2334
4045
2476
7218
3190
1714
9221
5114
4679
1643
342
8190
9921
2333
6580
2488
396
1088
4128
72
9256
8362
8922
8657
3702
5126
5422
373
703
8943
5869
1232
6504
9215
1141
2811
6673
5494
8599
37
1771
539
1989
9026
1253
5424
4642
6119
1178
4205
4927
6550
7274
6509
349
6494
3318
9983
8898
1841
5482
5202
1787
213
6173
2744
9621
7391
4984
250
470
824
5522
2813
8153
1609
8601
3860
3373
2754
7797
4821
8920
3504
5976
3752
3162
321
5502
4400
1025
1967
4974
4238
9338
3823
999
8528
6845
9290
5431
5895
7501
8889
5835
1272
1645
1523
3635
4873
4522
2504
6930
3634
4360
3011
9426
136
7351
6558
3585
775
9260
9920
9646
7438
1639
9919
6992
1296
4659
9113
2612
8426
5031
2279
5406
8067
9373
4313
8460
5596
4400
4955
7266
4739
5032
5507
5424
7444
3512
3769
8762
8274
8800
576
4454
4575
3978
2741
9299
7681
6853
7952
3593
2091
6193
747
731
2683
3611
8375
1830
1341
5856
801
1673
9934
7500
8946
2821
6220
5640
1617
2861
3046
6249
114
1959
5287
7589
9796
8607
6287
44
4084
8803
6086
9444
7821
4045
4896
2243
1418
6067
9419
6992
6673
80
6149
4844
543
9271
6525
3781
2066
4702
4038
9620
1683
9930
3158
8343
1255
4672
5201
1115
6818
5153
8049
9808
5387
3099
2656
5364
1257
1621
4543
6627
5060
8915
803
5222
5744
1109
5846
4333
2146
5140
2288
6673
5028
7960
4914
5487
2942
9898
2837
5588
4395
266
5357
4912
1309
3405
404
4976
1711
4751
7686
644
8334
8272
8220
6550
7334
7037
6754
8219
8593
9676
7617
6690
7603
7184
2082
1893
4866
5464
1050
9443
6729
8722
4166
9993
3472
1746
2885
9889
3745
4929
205
5991
3063
7291
2814
8335
9581
2341
4343
6134
5788
3002
2295
7963
7371
7832
8196
1234
8199
8649
2184
3819
9575
9305
4013
8363
3599
4634
172
5840
6696
5486
8065
1829
9809
2853
6917
8373
6559
7151
6680
2086
3534
6882
8946
4232
9797
924
4495
2139
7742
3188
4771
235
5901
6059
7536
5964
5121
1649
2358
5856
8753
4015
3365
2684
2349
1559
8915
8623
6290
814
676
5542
2088
8706
6042
6021
5322
5597
597
1626
7630
626
4870
3324
4263
3495
7110
7470
2012
3322
7282
7203
2306
2567
7873
8362
4979
4807
4887
10
1266
6302
1575
3656
8958
6219
4793
1360
6939
6556
7059
1643
2769
4188
3397
3480
2198
2416
2627
7111
6987
3817
9216
691
8045
8756
8657
8968
4244
1746
6345
7714
559
6816
5569
122
4747
692
4747
3887
2508
7030
5163
568
8735
4845
1861
6712
6349
7073
4039
4657
274
6329
511
687
3280
278
4944
6694
2504
1200
2505
9733
8853
8434
9961
6588
9744
9449
4368
3909
2889
5105
5472
5201
2372
7033
5621
1981
6171
9726
8959
641
5399
6751
5150
8370
6597
7559
8771
5310
4991
564
570
8950
2805
273
8486
6405
4568
9296
9657
5926
7720
7116
6071
2946
9868
3924
348
8371
4807
8988
8626
6671
7081
3049
9866
4273
3631
4239
9631
6156
7041
5876
2188
1086
8836
2733
3661
6755
8893
4325
1612
3121
4760
6918
2821
857
328
4896
454
9102
5786
7413
4769
7877
3287
5251
5692
3455
5387
5271
2966
6408
279
5439
8188
3452
5245
5165
3194
5622
3509
2812
6933
3977
7616
66
1344
2969
4229
4608
4813
8765
6456
5823
9475
9819
8011
4660
3147
1174
2611
8365
5735
8216
195
9901
7829
6768
5456
3696
1951
3055
3358
9546
3748
9525
2020
1411
733
370
1726
1101
5227
9773
4858
4224
926
3192
9737
8947
8978
4927
3363
3924
7271
5568
3875
9409
6234
4225
7510
6750
50
4924
1803
5318
6716
4855
3632
9661
948
1341
2096
3429
2424
5720
7756
7499
1155
1970
5536
134
6659
5936
6860
3508
9949
9836
9366
3571
779
5421
6364
7546
2800
8380
4851
8614
7483
3384
2360
1313
4770
3026
7630
6620
5886
3251
1574
9736
1628
4972
2583
4849
4058
6391
4100
1572
1843
5568
9378
8111
4849
248
2963
988
8647
3878
7368
3476
4312
5748
7300
1974
2359
2344
3218
5718
8963
2068
4448
7983
4132
5734
6895
7227
2160
5761
457
776
5163
4049
5019
1874
958
3782
9732
2654
1899
786
9559
6144
5791
6769
157
1743
7426
4060
7475
4376
5094
5295
1492
7235
6154
1845
6513
8545
1425
9015
8488
1217
7519
8124
3504
3293
5996
2705
2182
9720
815
9556
9478
4003
8157
7008
537
5534
3035
7681
1122
5908
1119
6256
416
9082
2773
9035
7091
8107
8012
338
3698
6576
7137
8242
7161
1566
385
3367
8536
633
8310
6366
7243
7219
7829
4332
7882
3448
5287
2461
5348
3777
8022
9892
9487
3251
6263
4452
8533
4434
4892
333
3848
8696
6821
110
8847
3968
6066
1749
9678
4125
3499
9481
6983
7769
6201
1645
7426
9446
3920
3602
5938
9783
9005
3971
8040
3547
8095
7013
3729
3894
6224
4360
7868
4445
1530
4849
7863
3035
251
7732
534
1729
1633
7824
537
6236
7713
6990
2683
2412
7065
1392
1219
306
8828
3528
9997
821
2110
7795
9802
592
3380
9186
7257
914
7543
6038
65
7657
3790
5917
5381
6111
3285
8196
1875
3116
4299
2191
5990
7202
12
8090
1050
5033
8109
406
3203
1996
7155
7682
2729
2583
519
7061
4578
481
5778
2996
9008
2267
6689
5362
6037
8805
2122
448
1968
2542
8945
1999
4070
2422
7033
7858
4758
7742
4956
1936
9128
631
8254
3193
1673
1984
8331
3581
3366
8106
9918
2938
818
5978
7382
4689
4140
3641
3106
2107
5300
3740
2986
2766
6463
3426
467
1567
3198
4165
4811
3711
9885
3901
7929
2203
8815
960
2157
7658
3727
5494
9693
9208
3318
9579
4371
242
4185
7304
2745
7230
5169
6053
9976
6484
4373
5830
6461
3632
9131
3775
4648
8542
376
7830
5276
8100
3751
9843
5857
5442
8067
2641
601
9258
9753
8789
2756
3489
2664
9168
6592
2577
3444
8905
6336
8261
7109
4010
3370
9668
1153
7744
7929
4015
9955
5333
5649
3359
7779
5594
5363
4689
5695
2250
7484
2280
7010
2682
4810
8267
5377
7056
2931
4847
2459
1286
836
1318
6717
2490
5114
645
3280
9984
6800
3911
53
7922
3872
3341
1302
4664
7604
684
4012
7274
8446
4323
3192
9696
3890
3195
4322
4534
2495
6596
5070
1125
947
5782
3395
7857
7529
1177
2223
2664
9397
259
7931
8601
8233
9077
2332
7650
7962
8306
7069
2260
9542
8276
9172
305
1438
6875
4005
6872
6996
9941
8841
8280
1078
3654
4508
1057
1981
6952
5186
2243
4211
1234
9910
1390
6524
8325
6176
4181
9079
5076
1142
9699
3014
2533
571
9296
9782
8306
3565
3356
4906
6928
1331
3231
5884
4144
9630
8600
617
8707
6669
5344
2769
1345
949
4802
3695
1380
254
7391
5631
2517
2169
3379
8530
3219
1415
4811
6215
3609
9494
2501
9651
8455
2266
3406
6661
7273
4149
7905
8826
9335
5500
4004
5505
8215
8132
8964
4773
7822
3212
3181
7133
5346
7001
8812
4871
3662
8606
6252
5661
4591
327
3540
6630
8310
1352
284
1402
5284
6831
7331
3646
975
1271
2113
6195
1099
2602
4083
4503
7995
3705
1340
6020
6107
425
7726
2744
4277
2095
1142
9249
435
2598
9518
2464
2590
654
5287
6400
1848
9095
7683
9363
9208
2562
4019
1929
3946
5116
2726
3470
563
1385
3496
7774
3894
8906
4353
6668
6220
3774
9140
9071
2359
9396
9773
4579
8664
953
7050
3985
9733
5815
6592
6444
8102
634
8048
5873
3933
1664
1472
7905
8866
4202
4885
5706
2047
3089
2810
1632
9807
1037
5096
7197
4518
890
8633
8651
1405
8818
2249
3123
1611
852
850
6757
2548
3746
4770
8364
2533
2398
9909
8371
4445
2395
2289
8687
9127
5082
9393
5537
2708
7536
6869
3270
9207
4061
1227
3382
3056
3349
9727
2710
897
8834
5763
4113
5548
6017
2518
8257
6129
3228
6261
9965
2008
3295
624
4665
3728
2231
940
5847
7461
881
4222
6980
3085
2445
5043
2395
2910
112
12
9326
1860
7618
6810
8093
1603
2602
6097
2740
5226
6052
1495
4134
1602
478
141
4903
5098
7788
3433
6538
8992
4125
9506
5365
1515
535
325
4615
7363
6290
6167
8230
7885
4441
238
9933
1075
4718
9846
356
4829
2710
7289
7099
8523
327
8357
4798
7656
4106
4175
5102
5431
3072
5983
5964
1304
1191
500
2757
3528
2059
8512
3700
82
4476
8872
7160
2395
8391
5436
882
3019
3403
9560
503
3986
4929
1338
2870
83
2429
9315
9682
4076
3921
998
7827
4142
1928
4516
1167
465
3040
5665
5502
3337
8797
5540
3932
613
100
2775
4591
548
8604
8640
5274
2686
5786
5231
1926
6197
7981
1618
1916
773
5670
1242
6625
6164
6508
5352
7218
9300
8223
699
1793
839
2196
7017
5273
8888
7718
5042
5934
5862
1153
7881
8641
1024
6438
7142
1332
8934
8312
514
2956
5991
6464
4410
3183
9792
8197
4192
8120
9009
3564
8625
1242
4927
1905
4230
8019
8482
3873
3273
372
5339
7592
2449
1654
5182
6699
8894
7316
8034
373
24
5288
3004
9414
5741
2641
8145
5171
7974
3881
8630
7541
3486
1908
9484
528
9703
8454
955
1190
952
360
1490
7487
1975
8526
6366
273
551
2208
8101
5937
1070
4930
6890
9545
8303
3901
1739
2715
3983
5612
1372
1722
149
6820
1615
6408
234
9230
7173
5528
8778
5999
3207
3100
4896
5910
103
3373
7932
4890
4060
6783
3317
445
3787
836
3999
7572
5500
6616
5036
9178
8666
5615
7517
8638
1688
7160
3075
2763
2562
9464
6432
6905
1137
5268
8794
9671
1864
2651
9412
4640
4974
5122
3151
3062
1678
4144
9942
1591
2046
682
5334
5746
9412
7906
40
9973
9077
9299
7618
8981
8897
9320
5164
2336
8143
5317
9897
8882
6651
792
3762
3204
2086
2815
9063
9592
9373
2393
1667
5844
3305
3240
1954
3080
9350
8566
9358
2513
433
4138
682
2436
4872
5769
9739
9137
3978
9157
4471
3663
6856
347
623
5246
5341
6922
8137
7237
6432
1805
8205
4832
8878
5759
6886
1732
2791
6602
2108
8422
8962
7084
2448
671
831
4977
2750
3054
3135
6889
233
4868
3902
8679
6529
9331
300
8828
2761
6666
4606
4669
2471
765
1462
997
7022
6536
9731
2284
1834
2825
7827
2555
3269
9838
428
9330
5967
4858
7593
5618
2238
6230
8388
2149
5953
2142
8615
7090
7058
806
8098
5484
9790
3615
3628
5906
4274
3321
3360
8055
9724
9058
8730
4852
5690
8226
8190
8086
1884
723
5199
843
5586
6281
6316
1016
1632
2356
5256
6642
8932
3429
374
8842
7277
2082
2595
3273
2873
4450
5563
8505
1809
8284
4388
2065
8285
2661
6768
9084
8973
2187
5670
4312
3903
5517
5089
1050
7887
4225
1025
4930
742
3190
3508
2606
1927
6797
8284
1578
8703
6077
381
6077
6620
8162
5414
3785
1051
1451
6196
2172
346
4187
7597
4261
8217
809
2635
6505
5300
6039
7705
6118
8952
5937
9710
2621
2390
9979
715
527
1831
5324
587
8141
8393
212
2138
6828
9967
89
9715
7296
918
5757
3206
4166
6558
5953
4704
6521
7069
1010
3940
8904
1922
78
6364
5389
5804
9354
9247
5093
6275
5503
8726
311
7474
5647
4243
7643
4671
4503
1652
7812
1528
6509
1992
1302
4390
5030
944
2131
8578
3656
7581
8714
3359
5173
555
4342
356
8985
9228
6276
9599
1715
2180
8990
8146
7001
7732
9802
6036
4721
1568
4955
4588
6321
4331
1513
7902
7434
9364
5451
1566
129
8242
4230
7667
4791
3620
7929
3942
1838
129
3052
4165
600
3176
9444
8106
4452
8098
5720
3261
473
4367
380
5781
7110
2248
6970
7121
5279
6018
3323
7105
779
8174
8385
6204
5087
1346
5792
49
6586
5715
5844
5712
2747
2590
2428
4525
2831
3851
7609
1477
2002
2737
151
2389
1970
5411
5905
8201
6179
9060
3863
721
2282
6741
6999
4231
1096
8102
3698
1835
5992
272
8275
9611
8516
9958
381
8130
1150
4697
1004
1864
6234
4234
3003
7955
1621
7870
6165
7462
723
7626
2814
6244
9865
9059
319
5862
2747
3227
8756
2769
592
4301
8519
5214
8876
6061
6994
6686
8209
1313
4243
8952
2429
4071
6394
9015
3830
857
212
8450
8638
6406
5252
6792
5432
2465
1172
6521
1666
6177
5689
6776
3624
7308
941
9073
8506
4469
9855
7361
6402
5835
6484
6566
7653
9610
7509
7844
2273
9545
6463
2076
1089
1299
7974
1003
4996
736
7204
2738
1046
1850
6292
8865
9081
4599
6393
2134
5729
5909
9630
3419
7979
248
2825
5606
3631
592
7911
34
1198
7765
8668
6284
1510
8954
9171
5271
1299
2074
9883
7253
9521
874
8006
1848
4420
8471
1762
7040
2389
6625
9205
5410
549
4343
7137
818
692
6954
8924
8079
9822
4311
3443
1412
4550
4701
6035
3616
1779
5917
6978
2418
6227
419
8017
8117
3625
6783
602
659
7296
5368
6021
9123
801
3883
396
304
8045
1087
5855
846
7127
3131
1588
7729
9650
6155
1703
6445
6467
3820
9597
2464
4154
9572
4664
6436
3887
8944
2887
7552
4367
1560
7977
9925
7188
4596
1888
7796
2122
4485
9343
6603
6062
6302
8745
4874
8533
3980
8785
8581
2702
6583
2306
4525
3844
7027
1143
9974
9013
5410
2348
5065
4566
9437
6697
16
4791
3387
3456
357
4254
5684
5356
3834
3620
6126
6316
1234
1322
2525
1037
5771
5758
4337
2820
5295
4490
8633
3463
599
3393
8715
1587
9513
3137
6037
351
6834
1064
4795
4190
2819
9961
9327
1695
5658
2263
8747
195
7867
3946
5591
3327
3684
8186
2854
6008
551
5987
2085
961
1073
8821
1239
301
2578
6553
8264
1471
4341
9531
8106
7653
9608
5186
4282
9781
1228
9597
3213
1457
7617
6849
4418
4534
3141
1215
8765
9992
7400
5518
8392
5059
7361
7776
8838
8769
4674
6508
9724
5420
7491
3345
9920
793
3637
5815
5935
586
6566
2005
8769
3415
6275
6450
6328
9164
5365
9703
1661
1190
1822
8793
8268
6107
1484
1451
147
3231
9244
6953
3558
4452
9875
696
777
1458
3166
6950
1198
8179
6904
211
1179
6077
6033
9249
3559
9502
8360
3207
1490
4113
3899
962
6524
6642
3015
8210
3595
6801
6788
4684
3642
1166
3759
87
3642
8461
5766
154
1702
2906
9992
7192
904
3232
4935
2708
511
6449
6128
3740
1532
5121
2807
4562
6105
8928
523
5565
7720
8458
8936
4618
3826
7950
650
1763
499
9597
5177
7319
6918
8657
4792
9957
3052
5022
4348
8460
1756
4566
9348
3200
7911
4219
5972
2821
225
5862
300
9777
545
5323
795
1890
8542
1024
7441
3598
9464
9243
4795
7433
3280
9052
1254
3856
315
1655
2452
2591
9325
8045
3515
4533
1618
2978
1459
2846
1983
9975
2581
9107
2182
2783
338
5892
5554
3671
511
4394
3410
229
2619
7145
8056
235
2858
1154
3129
9550
3546
9265
8925
1655
867
8468
5410
9715
5867
3973
4226
7795
6707
100
3550
5843
203
7748
8105
3618
2274
9000
7899
716
2402
7996
4310
9450
3967
2777
2996
5600
2330
1642
4329
2097
4590
4044
3578
4227
264
398
8543
5800
1084
9801
2835
5596
9613
8699
7225
5279
211
3320
719
7456
8417
2761
9318
6431
6855
9700
8428
2392
7865
3032
1688
6594
6380
3342
1258
7579
9404
9039
347
2776
6118
4646
6613
6839
3579
7207
2979
7321
926
2739
2376
6339
2781
6561
2921
6322
1917
768
1930
3922
3446
5009
2347
6774
9727
6414
1167
9690
4384
7815
5722
1896
5728
428
5238
1018
8373
8966
2954
2011
2494
7147
284
4682
5129
2008
7460
732
8153
208
1288
8932
8747
1078
6181
9160
5848
4664
7252
4730
5118
4720
4317
8391
4480
3748
899
3295
6725
2188
4207
7876
4001
1018
369
2419
986
8572
1094
7002
2949
5495
3841
4258
5379
136
9026
345
8005
9905
1456
5741
9303
5800
9693
2902
168
4748
9868
6443
7406
2629
4260
7261
8870
4698
1459
9272
3548
7479
9108
47
7913
7795
4102
2348
9812
229
9395
6506
8302
909
6028
7819
2765
5971
3980
6271
7961
8348
8753
7446
8387
907
8731
274
8973
7375
4311
7098
4806
623
4749
7544
2870
9924
5614
1051
1633
506
5135
9876
4324
9970
4878
6034
6891
2407
785
2953
9358
9445
888
7592
5807
1139
5185
865
1182
2172
5638
2167
8411
8426
9003
5605
9796
8072
9606
9675
6514
7276
2904
3600
1920
6610
9815
1843
1262
8412
1672
4999
7600
8260
577
1613
6642
7188
5802
100
2676
6310
9795
2599
9257
9321
8133
2177
5922
1298
7371
7033
7711
9866
5316
8296
6016
8608
7233
3989
9446
1050
2301
9500
1919
9650
9608
7779
2806
1415
4893
5073
7813
4586
1865
4731
6305
4271
9569
7099
2148
8772
1273
2744
8615
4828
3762
7376
566
8675
5583
5998
1715
859
295
7999
196
1087
3425
9444
5108
654
113
8603
2105
1978
6471
4533
3000
3671
592
4131
453
5362
4088
7958
59
3969
522
6266
7452
1204
2345
3147
7887
9308
3275
3663
5816
7750
1334
972
7005
5195
8891
9981
2858
4811
1168
594
4794
6361
708
423
6274
1653
5332
7020
119
7261
6470
6183
60
8417
1359
5081
1483
8298
2869
8101
2163
229
8510
2634
3563
1057
1074
772
580
6290
3865
2107
6848
3218
9890
3999
7054
7298
3010
5397
3380
5322
1905
105
2220
5468
4943
5731
464
4722
5365
4448
595
4643
8060
4618
1383
8269
4426
3795
4772
3743
9472
6037
1869
4544
9438
69
814
5421
7896
5774
1080
1738
8587
5963
772
523
5007
8862
6630
3039
3195
8761
9425
4168
1547
6668
7469
9389
9351
5893
8299
146
2095
8175
9541
1557
574
8884
3926
1883
6430
1068
611
3201
2892
2723
4270
6956
1666
1672
8049
4639
5567
5070
4409
8425
44
3394
2775
6234
1283
710
7827
5728
7767
3980
8254
9921
679
7569
8976
8929
8367
7469
347
4251
7279
6921
9367
1261
4925
2077
5057
6402
1413
6043
8582
1481
534
576
1078
1772
830
6269
6781
5222
8404
6304
399
4504
6564
7219
3854
8698
9886
2866
9428
1013
6571
7912
2490
455
386
2926
131
9330
9222
6419
7739
7255
8041
687
7794
4940
6417
9577
4209
3182
4291
1037
9493
4175
5098
117
2940
8378
9160
3640
9720
8945
9514
8469
3520
7594
1460
5000
4853
6870
2004
3496
5430
1434
6752
7289
2118
342
2634
1120
9822
7825
2822
4007
8540
5512
5703
6087
658
2411
4323
16
3790
4242
7713
9787
2159
2391
6583
8004
8246
215
8004
5196
9136
7006
6545
376
5840
7957
4666
4424
3603
2112
3334
3376
897
6199
2403
140
7950
4104
5241
4055
3110
4118
1934
7414
2951
4982
8761
4697
8935
4893
401
7488
4514
5059
1201
6248
1624
1457
8406
602
1428
2807
4624
4266
8735
6001
7380
3214
7977
8216
4889
1941
126
2194
9786
8646
7371
9940
2760
5815
3864
1504
1316
4901
1756
3671
8385
7320
2542
4488
2851
4127
8717
8414
2569
6164
964
8571
3745
7708
3586
5707
2945
2178
4435
3472
6393
3318
8581
4476
4187
5253
9035
9905
274
1145
960
2777
4487
74
8065
9455
2708
4236
1984
5208
7515
2139
9152
2382
6370
5241
8118
7768
6186
4890
1083
19
3533
5401
2273
1086
5676
8301
1075
7756
3905
7023
3652
5983
4973
6061
9903
6635
2292
4837
6108
5410
892
3752
6929
7344
1554
1222
8057
5997
6525
8172
4994
2781
2363
2173
2481
176
5672
575
8631
6138
7466
44
7137
9084
7733
8862
2329
5086
4948
7803
4680
6866
5969
5940
8411
4437
9066
7033
1741
7770
545
750
5235
7526
9344
8783
3693
2224
421
5704
1192
9993
228
2312
6321
4984
2427
8477
7121
7688
9045
1395
7140
8554
9080
9809
5555
8115
1165
4728
1695
7137
6522
4444
3424
484
3285
7217
9787
860
2061
2478
4684
4911
6312
9300
7955
5375
5567
45
5151
5656
2377
4790
7141
4937
3040
8919
2118
5294
3777
5888
7945
8810
3989
2460
106
4445
3826
9891
3875
6658
9337
830
4349
2523
6845
1399
8026
9485
9374
647
9609
2152
2744
3765
9516
6125
2348
7070
913
267
8132
4404
6912
9470
5097
3901
7864
6513
9659
7129
8613
9093
5565
5618
1713
8591
4459
4656
5618
5937
3699
9471
6124
982
174
4415
3493
4863
8281
2420
6451
3572
3601
2022
5927
7158
4448
5843
716
8017
5093
3760
5534
2211
6725
2061
9824
472
5567
5612
9313
8537
6438
3540
770
6834
6516
1156
3708
2499
8751
657
6726
7983
5857
2769
1858
9506
1629
9020
4657
5202
6518
834
8329
5284
3734
2496
2603
4618
9877
3813
7887
2535
7218
3861
9223
8709
8317
3259
9326
7436
2705
4924
3008
3646
460
8093
8558
1750
3472
1322
538
1203
6636
2771
957
4655
4381
5674
2662
2221
2780
4271
8262
7821
3628
6056
1985
4388
445
5942
6525
7169
257
1984
6066
7444
2892
7708
1286
440
8965
432
5757
6380
9524
3932
6592
3265
4253
1984
7392
5046
1058
9022
9618
2542
2955
1727
223
2261
9220
2623
1456
2246
3790
9077
4057
8997
1866
6258
6834
3793
75
4303
1364
2393
4623
7534
4455
7507
845
5291
6634
1702
6331
8141
9764
7423
6339
1030
815
1270
9425
6858
1241
2283
8807
4965
3507
3326
6384
8385
2265
9885
3531
5532
6133
3575
4285
402
2177
2817
9659
8641
9717
2193
67
5797
4543
56
617
812
7381
5341
3987
7784
6200
7972
41
8514
5798
1405
9416
6402
2220
9824
7038
6485
5349
7970
3814
544
2871
9504
5289
5038
2221
8142
8620
743
5067
5573
2842
6004
4403
517
901
766
3248
5359
5440
1148
3934
1000
217
2412
3173
6740
6968
2336
1250
8267
7580
7320
7727
631
5129
7661
4563
4206
6479
6004
6796
1373
710
4498
3037
9818
2830
1803
7790
7342
660
4160
7576
9405
3791
1948
4646
3105
2398
4356
3559
988
3824
1782
9448
8458
762
9966
271
2749
9084
5702
7903
8052
6829
7138
5176
3472
4480
6260
541
7906
5345
1308
2230
8152
1783
6471
7394
3294
5742
6114
9226
3274
9936
1890
9868
8829
6461
3008
5155
9868
3681
3463
7167
3693
9665
9171
7063
3249
4594
2670
6741
9556
6441
3455
9749
7141
1535
6559
6926
6994
7679
3301
3023
2636
8769
8412
4023
5765
717
1831
2367
1510
7655
610
641
315
9827
4151
333
6779
2732
484
7909
3693
9858
8830
5585
6326
5348
6311
5604
3058
9602
3177
320
1362
630
774
9453
6219
2986
237
7143
402
6841
2228
8159
7513
8392
1415
9475
1918
4145
617
3045
9195
303
7599
4368
7497
394
5432
2097
295
8957
6329
3250
2350
3405
6087
7145
3181
5142
6288
4927
9370
3159
6510
54
6141
2988
624
6537
7505
330
296
7538
805
3385
3017
5968
4182
3673
8728
7500
690
7977
3166
3531
7711
6407
1904
7628
6715
8249
3010
732
7601
9229
5677
3001
1077
2490
3460
3727
6279
5531
9745
4505
7195
626
9289
4048
8402
7929
328
1797
7278
106
835
481
6923
7267
6967
4502
3241
7643
4068
8327
4983
7544
3851
9486
876
5879
1327
7085
6239
9863
3306
700
156
8236
4582
2277
6619
2172
4371
6550
4834
212
8782
159
4463
9793
2492
9022
2896
9815
1072
7288
9394
5785
1192
7678
3279
4912
9486
7213
1538
7200
6341
4183
6123
3720
5810
7776
2872
4722
4367
5705
4064
2500
7568
4064
8751
6834
8949
6681
9124
2767
5880
4007
2248
1689
4999
4297
3653
9655
1548
7772
9329
9576
2156
3828
6781
2546
8369
9291
7972
2779
6838
5878
360
4972
6173
5333
6984
378
997
4136
6869
4342
1312
3306
8380
7216
8867
5022
3009
2966
5111
8233
7036
5778
3394
4313
2036
7969
7696
1402
6804
8382
1737
5570
4455
8156
7648
6752
8676
5304
9886
4003
7858
2920
4649
2894
4289
7622
9223
173
9433
2341
9363
9050
516
3448
6377
391
8926
990
2020
742
904
8971
8944
1145
1078
4140
4992
5551
8377
9848
2174
8658
1013
1498
142
6562
8118
2511
492
5221
7368
1412
1912
6266
6282
9995
2072
6931
1441
4642
7101
6484
8280
2161
5744
9903
5271
919
2324
2774
2553
2405
2584
1431
2028
8830
242
2037
5120
4793
7483
4414
1970
3204
8677
1017
8995
8589
1799
1708
9640
3880
1027
2706
612
7047
5883
3183
5306
8334
9027
5164
5632
4517
6140
4107
1663
448
8610
2279
2540
224
8304
9759
419
8410
8773
8661
1499
917
8474
4257
8422
4483
8887
6443
9258
985
6788
2395
727
7759
1472
2743
9705
9346
7543
3263
2311
1102
8799
1501
8380
4984
5578
2452
8686
4355
7272
7187
626
2732
2653
7704
226
2531
2037
5253
4838
8449
1261
4013
4941
3072
6536
2169
4781
7516
1615
7251
2343
1259
644
3545
9842
3633
5733
8428
5209
8146
6999
2876
3954
5007
7093
3634
6663
2237
6465
8277
5101
8934
6997
7611
9176
6418
4727
3784
7451
2308
5035
7724
9446
4024
2550
5033
1542
8066
8036
3342
1073
8388
4543
3061
2138
3705
1645
5585
172
7607
641
8744
4895
5849
925
3570
9206
7372
5659
4619
9572
2003
9379
9251
5524
2444
1272
8683
3407
3796
2288
1097
4024
9461
2976
7784
3173
5954
8673
5694
2721
3975
8567
9932
3490
3605
2398
2667
3303
5233
6944
218
9487
1652
8334
6558
2732
2483
3391
7914
9396
4725
8871
6152
3761
4938
2219
3376
8204
2636
9726
2914
2297
2770
4817
6568
853
6001
9520
4828
2685
2593
6820
9903
1824
639
8698
7635
8349
6545
2552
8454
8127
9492
5712
810
1586
7390
8823
7105
9452
5609
5340
6132
9486
9048
8196
8501
3212
3065
3658
5100
3053
3324
7590
5977
166
5029
5280
915
6808
4639
8153
3602
6546
6445
7195
3324
5339
9795
3492
4515
6277
7849
9385
1475
4024
3421
6431
2464
1887
6688
3060
2441
3823
3865
7170
2696
6592
2092
1534
7778
378
4096
9595
4778
8704
7775
3641
6405
8971
6564
181
7082
5440
713
6854
4196
1143
6478
8384
3858
2637
2764
8531
1736
2988
6382
8565
6939
1577
5335
811
3202
6878
233
7539
9961
202
6158
8957
5042
9166
414
9206
5220
4093
2751
9985
1768
7940
9569
7136
3880
1161
3411
2477
7440
4137
7560
3456
9006
3793
4750
4917
8273
4906
2419
769
9766
9902
8856
7205
7786
5106
5757
5565
9331
7027
3013
6654
7583
6966
5230
3354
7240
5330
7646
1973
3798
690
612
5863
3256
8098
9861
235
3294
1006
1711
1421
9134
8
8717
5661
3633
676
6975
7255
3498
6731
4070
4269
2349
5254
4179
7267
3529
4164
2420
7475
7074
1170
6878
1041
7944
5160
5866
7742
9948
4320
5051
8276
2074
7500
7481
7680
6373
1168
6671
8927
1723
6310
6045
1844
7618
6328
571
6991
3019
909
3727
9992
1191
4816
5747
1708
1193
8369
9761
5933
1827
3045
8484
217
2033
718
7228
6054
4930
4863
7814
6463
1017
7769
5466
9104
5443
3544
4175
395
1079
9797
8833
4334
5179
7690
1635
4726
6889
9388
124
8088
8813
3651
2552
8608
8362
8189
2505
3433
6228
5052
8814
3502
1042
9257
5970
9225
8912
4583
5571
6051
1818
5574
799
8157
1656
2699
6548
1572
8250
4638
632
4622
1002
8779
2683
2
4365
2343
1235
420
5874
4032
2002
4266
825
3857
4476
8150
9675
671
8771
2464
8250
4352
1191
3536
3577
8293
8525
7885
6799
2340
1837
7097
4468
8603
3337
6432
4295
8122
5414
5819
3750
2703
2481
9014
5609
2726
7602
6899
8895
1528
5531
5923
8872
2710
2317
2729
7129
8046
7722
7070
1476
8573
7452
2492
9604
8159
4549
7958
5565
5009
4283
1448
6702
9451
8089
4577
2828
4298
5321
5092
7144
8952
3749
4266
2571
6920
2076
990
9053
8141
8093
9352
874
4976
3747
921
1130
4155
6560
154
3495
6032
2873
4184
4477
6274
8479
9693
9050
2011
430
9223
7179
9350
2861
5096
7215
7824
3465
1957
1511
9963
8887
7409
5547
4044
1371
51
9974
3943
7661
4131
2420
7820
2890
6305
7217
552
5846
5617
4658
6369
251
4481
7602
9185
1438
3114
3372
619
1473
9265
5027
9186
3973
9025
1585
1925
1348
1116
9181
2251
9929
4622
4252
7217
6937
4723
2318
9515
3232
1379
4089
6964
4852
1043
2843
4038
1411
8670
2459
3943
7864
3521
2286
3754
457
2840
9028
8537
7235
1867
213
3318
8500
6600
6402
9477
5259
465
8492
8844
614
19
8380
9263
5597
4891
8585
9335
3562
7172
8669
6146
7008
460
4867
8906
827
4730
553
9975
4877
447
2139
9610
7985
6557
8099
9078
4081
722
2482
8112
8564
7429
3791
3585
6400
5388
9278
4585
4723
8633
3082
9500
1762
1977
6310
3931
4678
7280
300
2924
1675
1045
2761
4409
9655
7165
3663
8310
3262
8075
2017
5831
9242
5798
6018
6896
2889
5841
6317
1639
3760
5140
3785
8140
9106
7360
6172
1162
4205
1325
6907
4018
6610
5841
1858
4222
7026
204
5705
2375
7705
7005
5453
3945
6349
1052
322
7599
161
9515
647
2315
1650
9142
5136
1917
1987
6464
3303
199
3961
1309
8546
8645
4593
8648
8336
5189
8451
3129
3562
2784
6444
5016
2597
1690
5430
3313
4632
9993
8612
9587
1717
552
4458
873
6870
9760
6624
4204
8311
119
7407
8398
7901
859
5538
2617
1375
5295
2682
9301
3155
323
8821
5942
541
4315
5252
3635
3789
5711
432
5432
633
8438
104
6902
2472
3462
7771
2007
1897
5985
8200
757
8313
8132
5352
3960
9951
346
1712
7631
3895
3555
9103
1920
5535
6692
2367
6212
99
5054
4039
8108
5772
6077
6979
3514
7848
5413
5338
7277
6362
4813
8979
5499
3164
6994
3569
5504
5965
5973
2033
4813
3362
7696
6350
1426
9608
468
3091
2116
5420
8356
2549
315
1348
195
694
8277
6221
2696
3544
1712
3316
8872
1367
1409
5372
6956
7356
4552
2701
4046
2799
3758
6724
8349
5258
5695
847
2560
8672
4730
7274
2410
4141
1513
2835
1823
9617
9225
9195
8331
992
6501
554
7650
6953
7353
9572
6873
2180
6880
7259
9651
7779
752
2504
1199
8021
665
4936
4535
4489
2019
5644
283
1569
1522
3447
7577
9004
395
4513
7192
8440
1978
1637
6306
5565
3665
3627
1454
2678
9447
6235
736
7690
226
6712
8535
6782
2661
6023
3948
890
6930
4388
3948
7911
4779
255
4302
9051
1602
289
7443
4654
1028
6098
95
989
8451
9870
5067
4933
4183
2383
6898
209
6296
2007
4355
903
4430
8729
9780
8600
7013
4871
840
2734
2463
1627
6156
9112
3711
2911
5623
9499
1537
8080
4806
3931
5054
6250
157
5336
9243
8461
2377
8488
9229
4778
363
4446
201
4071
8162
9799
6399
2326
1118
5574
9002
7792
9241
2453
2479
7423
4194
1674
2521
6539
6878
5714
5171
5393
7804
8505
4643
6053
3497
2877
6516
5000
7224
3773
2827
7363
4833
5531
2585
7567
1975
124
7298
4027
669
5464
6529
9990
9441
3287
5748
1708
6123
3018
1384
8475
6752
4047
940
6698
2011
6910
1529
9802
9157
8825
6273
3067
5095
3105
4280
8598
6300
6176
746
9570
7423
8118
8895
2536
1449
4269
9519
7766
7200
68
4706
4266
5132
324
9073
605
6843
192
1850
4224
5161
2635
5126
9432
9525
5593
6592
6490
723
5554
7767
9856
1790
1429
2344
8230
9215
9174
6424
9346
2019
2628
8838
7360
698
4774
534
1505
8090
91
3093
8001
5748
8297
109
706
4860
9479
2398
8960
4453
1802
8411
3937
4576
5754
971
848
8733
8047
7316
4038
6229
5358
410
638
3407
8126
7290
1460
4476
9065
8336
7798
5344
4754
3423
7122
304
2612
3235
687
5214
8417
7061
6752
9298
133
5699
7443
9004
1862
7900
3758
4273
1235
152
1907
9526
8546
893
8172
8605
8168
1770
5882
2713
7235
7868
6648
5387
4525
1491
8577
8554
938
8588
6615
8220
9055
9903
2015
9328
6091
3357
7069
7636
9960
8955
7919
260
1511
8204
6360
256
3638
6823
9683
7006
7969
6063
2544
5841
6514
7869
298
636
6324
2540
872
6320
3101
3254
2310
8136
8355
8253
6078
7463
5525
9012
3281
7156
4270
7952
7069
7981
4582
6604
3462
5123
240
9275
2230
3781
295
8862
4661
1031
2824
3973
9196
8953
643
5598
4726
9974
3649
1822
9068
3799
5444
3536
6873
1328
6220
1919
7625
4431
2356
2652
1120
3037
2869
9113
1688
5033
5642
9215
9316
7335
2867
6260
8297
4261
1874
1585
4175
7676
3661
2271
2421
2582
9136
1058
3987
1168
7022
2109
2466
9922
7134
8126
3794
2169
8251
7831
9782
2817
8396
1901
9130
6793
8130
6672
7137
2666
2863
4025
8052
8109
7223
9002
9165
396
3032
5281
5546
204
9851
8470
3694
644
4557
9772
6291
6661
6421
9287
6837
8770
8955
3467
2629
5689
80
8959
2804
7065
8955
5936
2967
8696
3718
1523
5212
223
9251
8090
4986
9769
1449
4920
5529
7614
4343
6927
5963
7357
7356
4936
8379
7600
4921
6061
6922
9318
7191
1810
9933
8211
9043
5123
2140
7625
1964
1103
9007
540
6096
5805
8814
2744
9477
2421
1926
759
8855
2049
3436
8781
5995
6301
5163
9870
8611
16
654
9317
2112
5190
8665
2129
2544
1928
8934
9853
1966
1454
5487
6177
430
6148
8340
9834
7534
4870
4147
266
8033
5961
3101
6706
2111
3516
2971
5164
2026
7666
1161
7715
369
4084
8054
1579
1756
4478
7957
9331
4552
4636
1971
1260
6693
1146
5542
8170
5922
888
3788
8481
2755
2097
8004
3794
5261
4357
7659
1846
8391
6207
623
924
107
1349
5960
7456
6599
3153
6236
9422
6852
74
5672
9727
211
7071
893
9042
6696
3997
3587
9084
8722
9075
338
3723
2787
9083
5813
961
314
6286
6144
9509
9709
8985
8162
3748
9475
722
3623
8526
7166
6896
7545
7220
6455
7777
351
1584
4866
962
1967
4782
4249
9721
3003
9126
3647
2554
6414
4372
845
1690
9291
6666
4664
1604
4046
9256
3387
6950
4910
6221
8431
2837
8656
1074
5798
1944
5443
4340
7907
5498
7985
7790
5971
4828
6410
2088
9969
2054
2712
2504
3812
3946
7184
2282
1721
4391
8732
4922
8311
4910
8154
9421
234
3859
1298
2675
3055
2710
6617
22
2247
8241
5541
7421
4116
4326
1587
171
7098
972
2567
4015
9343
6262
7077
830
2640
8956
7291
4017
4560
7026
2177
4681
2770
903
5437
2769
5722
7992
4070
4123
3652
3148
2347
4629
2213
3662
8772
6275
6821
4909
8847
5910
8553
8989
3641
2222
9885
896
1806
6713
5398
7269
2952
5980
3784
2309
319
5551
6304
6738
7268
2347
4402
7740
4458
7629
6645
4225
2472
3113
6089
9965
7699
6614
8957
2511
3205
4867
6480
3892
3630
4288
5999
8975
1669
9854
3646
3056
2320
6309
3863
6596
3775
9482
3167
4419
4975
3583
9312
2518
9570
2178
721
829
6033
1270
787
2314
1724
5129
9854
3363
555
7223
3824
3521
9690
6444
9814
4561
4459
8123
7415
6371
6141
8906
3965
9564
349
5579
9423
6015
1177
2313
2973
7420
8376
9719
2509
6785
2084
6314
4483
9062
6241
6549
189
7853
3201
9807
190
3020
706
7432
8927
7801
4895
1798
6878
5505
6572
6783
2102
727
1864
9782
771
1696
6622
7873
6840
529
650
6194
5708
5837
3593
6475
7273
6766
9426
5172
5438
4201
6073
13
2529
2943
9137
2116
560
4432
8564
5761
8863
9324
5529
8076
2144
950
3198
2027
3353
6229
5049
4957
2199
1787
4180
1139
2247
8443
4130
6360
8576
9754
7870
8188
2835
8582
3856
96
5603
953
9234
2916
3691
3924
8855
4704
5549
8733
4791
3944
2977
980
8021
8729
8097
2180
3276
1746
1352
4032
4219
831
695
7217
3746
4634
7591
9435
2031
2657
2814
209
5512
4220
9201
7468
9056
9634
436
4216
8047
1481
9302
6047
5807
9459
538
5470
7063
8691
366
6408
7223
2053
3058
9049
9972
5850
5533
3910
5254
7689
6372
6359
2215
9036
6331
5521
1598
4552
5416
5082
4434
5439
6359
1974
3193
3417
4180
2979
7730
2305
2746
1074
396
2138
3030
202
333
3344
8127
650
7745
489
7621
3247
5981
1538
3011
7700
3895
2512
2340
9787
7680
7340
2404
1943
7086
507
6848
4219
3130
1256
5383
7062
6590
8875
5729
7078
6757
3281
1848
518
408
8344
4585
1118
1266
5600
9394
3097
6382
7634
4645
1504
3561
7563
3647
2449
109
6790
6471
368
407
6248
4888
7248
3126
3243
1315
8668
8053
8795
578
4434
1238
3032
8787
9411
2104
7428
3141
9934
4915
6105
1664
7688
2038
6181
4128
2862
527
6807
5017
1476
5547
6049
9106
1777
2019
5502
5959
1905
5519
2186
9020
7938
8117
3198
6218
2493
4475
7453
3
7995
3423
5832
9558
7765
4340
7248
9560
5000
6904
5705
2559
6654
3556
9604
9549
4132
7020
4021
5943
7053
3241
3574
3452
5168
383
3165
9805
3219
6718
9937
1992
5943
654
2708
7371
2226
2738
669
3753
6424
4782
1449
9694
5328
8466
7904
6277
2488
1882
6987
6290
8915
4610
766
8440
4569
7579
8460
7859
8230
1496
8334
4298
281
6899
2313
7774
2982
4003
5829
7620
341
1443
7526
2831
7926
818
1287
8889
8912
1930
1973
765
6329
3765
2422
5587
3357
7687
9103
5393
5572
2049
9827
4888
3127
5600
7504
1813
1154
5712
6044
674
8859
5230
4119
247
5692
854
5272
4046
9725
7256
9934
1302
7170
3091
68
2000
734
7431
4151
5325
8914
7466
5354
7949
840
4609
5167
5284
6764
2607
141
3236
2055
4429
6945
6580
1850
3472
9327
6892
1647
8912
8848
1444
4290
6871
1170
2045
7910
9622
7292
6357
8287
2691
4573
1257
3821
5742
48
2681
9898
1336
7767
9347
3438
3176
6565
8517
6216
3019
493
7327
9652
1796
7865
6402
3454
11
8857
5001
6361
8464
1915
3642
4595
4899
3977
6041
6677
6678
4398
2459
1052
254
8237
975
4012
8303
5963
9663
2689
6682
4689
1535
2549
7056
2577
9847
844
8920
18
3171
911
3097
8261
171
3630
5229
1721
5134
1342
4137
2934
6162
2766
3706
3967
9031
5794
1545
9205
1556
1306
7245
5962
4923
3344
1407
9841
1187
5238
7397
1836
2587
2271
6233
668
8438
9540
5663
6345
9355
1498
7451
8813
6168
2422
5544
5898
2482
6385
9089
3650
8941
9454
6186
2160
8698
7255
7471
6119
8138
6615
2
5831
619
5578
376
2684
5713
8836
5467
1321
4911
5110
7263
193
1572
1807
9825
6079
2701
9672
7514
1527
6435
1506
5849
6353
6505
5583
1570
7620
9427
674
1850
4781
5415
4620
9801
3686
7578
5497
241
3264
828
3472
5151
2764
8545
5166
9625
8992
9610
8411
5722
3220
957
685
7152
8182
1124
370
5580
4833
8410
5528
6780
6700
4040
5437
7344
2556
4045
5199
4406
1848
1990
7955
8287
3343
107
7394
173
3317
3191
8829
7885
437
8313
1757
3752
9537
2869
8791
9136
2229
5233
3599
9137
2853
2638
9491
2470
9027
5239
4023
8923
3346
6038
6620
7222
9628
967
1868
5287
7711
8053
7507
3045
865
9904
6257
4992
2858
6960
2386
751
94
9229
7967
5717
7443
8353
9722
1744
7459
6017
3476
7612
6390
4526
1366
2862
2798
947
7450
8691
6277
1010
3103
7827
948
9818
4377
8713
8242
5928
9010
4163
9381
5980
9300
5080
8885
7065
2070
1267
2256
8832
1161
2893
6717
2162
1163
5839
4688
1918
1037
6896
9512
1145
2928
3980
3656
3971
3172
4553
2483
2393
9533
3521
2541
3641
612
5381
6007
4843
9266
4168
2501
6104
9526
1458
5969
2419
5681
9194
1853
3743
7885
219
3055
7576
8381
4475
1087
8438
9617
7079
3624
502
4212
8684
1688
2006
719
5134
8590
9150
4390
4757
8820
6133
2872
5546
8848
3449
481
3329
9635
5072
6964
6407
4882
4047
4415
220
7837
3057
4464
876
7477
7578
2580
1159
6503
856
8123
273
8668
753
5684
3399
7752
7189
85
923
9430
2795
3157
5104
9530
7957
3092
3294
2580
3957
1314
3508
3422
2393
6915
7440
7364
6727
3441
3537
9613
1173
9831
9906
4953
8779
2954
3291
4403
5804
3231
6575
2486
7533
3133
344
617
4665
1501
6752
2634
1445
8108
1861
8069
6071
5890
6744
7606
6418
4707
5052
2773
7571
4510
1086
2104
5032
5239
9395
7844
8291
5602
3027
1242
8047
5596
3225
3589
3842
7704
505
3986
1000
5250
6964
8188
7458
6856
1494
9811
6687
2606
3690
1659
9157
4605
3418
4885
4227
6506
7973
2299
7359
258
6304
7564
1535
8981
8700
1893
4125
4979
7867
4985
2574
4179
5714
4678
7817
5413
1283
9730
8367
5147
7140
6464
8742
3656
3000
1520
3861
8260
7570
8074
119
6168
7826
7383
3194
6
4768
5206
3500
7497
316
3095
2989
9748
7516
1186
4679
4628
5602
3110
5875
6715
7685
7256
3081
2301
3965
9107
4348
9708
7201
7908
3413
8755
9196
1765
4012
1835
5889
3820
62
1628
726
1365
6343
1685
574
7088
3288
4938
9682
5100
9816
2228
4267
5874
8729
3043
1176
8434
1224
1723
2436
7545
5522
645
3369
1423
6579
3789
1900
2814
555
2006
189
3224
9080
2581
857
7861
352
1010
5902
3371
6228
8635
8989
3643
5792
4060
5654
4249
5787
762
1626
6082
2143
5056
8506
2664
7103
8976
244
6478
4002
8909
824
8225
9583
5139
6697
4986
17
1920
8595
6565
2016
3184
7096
3224
4302
3715
1378
9600
4324
5892
3961
9183
4924
7147
5074
9693
500
3339
9848
8555
5126
9633
7161
7657
6985
3716
9802
3236
1078
8694
5612
757
1234
477
3813
8516
6381
6262
1602
4391
8618
1872
6172
3894
8888
2216
8785
1234
4308
9908
5616
2062
9824
1036
9884
4361
5252
3733
4677
9464
3479
159
4951
2304
6939
5747
9019
6109
3627
7232
2854
7519
841
5806
506
3982
8386
6079
6674
9693
8232
3721
9954
4536
6894
7052
3336
2393
4422
6661
9200
3803
8355
4911
6487
9920
1203
6800
7367
3376
4911
2986
6968
2939
2191
7438
9615
9244
6472
9040
3658
7116
5439
7495
7220
9288
2070
3421
3841
8561
8482
3860
4171
8921
4558
92
2450
3040
1126
7958
2628
4719
5404
3193
5095
7262
3558
8378
8991
490
9154
946
4374
5874
6823
5648
8329
2662
1732
2823
3708
7053
7385
4818
3645
8521
3705
4718
5847
4972
1561
9393
1347
3433
8341
1273
8142
3437
1200
1523
7200
5842
9188
4615
1365
9517
9887
5450
6293
4348
4472
4614
8802
6903
3546
5021
6666
7229
3966
8223
4388
1709
5730
1962
659
9488
4531
895
7783
8103
7635
3481
6905
9964
9821
1745
6320
1846
2469
4029
5824
9268
6044
9884
3354
6795
2879
3444
9578
7723
6481
3126
385
8646
7214
6190
8921
933
1216
4144
4049
2131
7569
8104
9161
6692
8428
5255
15
2624
2155
3102
4717
1239
3951
708
9983
5193
4490
2023
8111
9644
7811
8284
1103
2396
4510
3218
4958
1879
916
794
6186
746
2150
2272
5130
5303
5757
593
633
1930
8169
7540
6924
462
2486
3949
9514
2509
6005
7846
5421
4379
6623
9660
6742
3732
5753
9222
1470
2435
7283
4798
4046
2782
7087
1459
4007
3120
7432
3259
3606
8201
1855
8433
41
595
4324
6418
8273
1708
8333
784
4831
4033
8691
9228
4481
6350
1447
7809
8047
5531
6407
1105
2400
7291
887
161
1517
4378
3756
4158
8584
1779
7945
8592
7551
6931
1260
7896
6801
5211
3305
6901
7938
8455
5526
1666
5850
7750
2556
7134
8408
9427
8918
512
4305
1256
8833
1784
5800
9306
7472
8745
2734
1548
182
6964
8133
73
5552
1595
1954
7850
2434
4359
963
7668
6150
1069
5122
3182
9410
8592
7081
7364
2859
3814
5160
5543
4530
8799
7523
9666
7034
780
2845
2256
4994
8607
5532
9146
3586
8453
9596
8447
7521
6638
8595
6849
7663
3113
2167
3316
260
1221
5598
3614
7763
6809
8434
4342
4884
4142
3095
7076
93
9622
8735
2656
6770
5267
9625
7264
2963
9530
9069
5437
8102
3576
2472
9524
1352
2441
4697
2333
2723
9872
9023
9821
9093
7709
4472
1772
7662
6164
6496
471
8849
7546
872
9590
9076
9878
6944
844
9485
7900
9085
1515
9621
1705
5417
7731
8820
7830
2390
3800
1810
6560
3382
356
4760
4585
8874
4583
8839
4096
3273
8082
5924
3463
667
1633
999
4453
9610
6215
5390
3891
8028
9899
1230
7995
1902
2370
6679
3356
403
8203
4281
6408
702
4336
8027
6718
3164
8684
7960
6050
1986
3150
4812
5724
6602
7543
6759
3929
7821
9465
6273
9766
7409
3813
5029
1807
7441
4154
7757
2831
4701
4030
7034
6724
3371
4089
3902
2431
2348
8132
3083
8686
3853
9635
1557
9801
6434
4878
7634
8438
5964
3165
4460
5023
5132
1102
6409
536
5315
3432
5067
3542
5647
2784
9861
5000
5462
9766
8466
775
7705
5434
3692
1707
913
11
6101
3281
1993
80
119
284
1715
299
5716
536
9525
1780
1488
5180
5710
3710
3219
9429
8683
5368
5388
6802
1792
490
9507
5657
9165
5850
9634
4488
4504
4816
6496
4039
3711
9728
8662
7895
9772
8445
8573
1045
6739
539
7359
601
3795
8584
4116
8007
592
1069
4497
5939
856
3316
7071
4486
3078
264
6246
101
6793
1804
2415
6530
1318
4341
8979
4798
1873
7521
8342
7007
9562
3112
433
9009
7260
2993
302
7292
9842
8253
8243
3490
7933
8105
9057
296
4848
7923
6643
8929
7068
3776
8354
4837
5629
7764
4854
9753
3437
831
9424
4657
8928
2650
6465
2516
3201
5358
7676
389
6569
7849
1683
5420
5356
6572
1091
5539
5148
4284
7361
1022
2793
520
8585
3621
4080
7448
6053
2014
8935
5116
280
5735
2666
1950
2716
3318
7490
6104
3746
6336
2421
567
9330
3758
4859
289
4956
4379
3457
9518
422
4886
9527
4424
1916
1827
939
107
7513
7101
6968
7765
3375
5645
9257
7322
319
3526
4342
3011
4841
454
565
3916
6686
8852
5096
8562
3510
7427
430
4595
9790
9723
175
8872
5353
3403
5062
2006
1261
8166
7171
9586
1156
4563
2115
862
4825
3341
2313
4088
3411
3223
2393
9367
8106
8259
4561
1742
9466
5533
2755
3501
6982
7477
3977
181
2563
2330
3833
6517
5600
7897
7399
6697
2055
9037
2036
408
1482
7711
7011
5255
9369
6004
9306
2251
3529
3608
792
6365
170
3065
1091
6474
5754
9358
434
7368
7840
6379
7863
4170
1497
5986
7475
2886
5784
9300
6886
4485
9662
5098
8592
6849
4068
2186
1180
1469
6291
7435
4183
8696
9691
5091
1428
4430
2908
8488
4224
7696
1927
2652
4695
976
5393
8721
6978
8719
7532
7840
7436
5536
5186
3291
1220
631
2124
2308
5015
9681
8622
6720
3616
3785
9616
7491
8274
9495
3033
6711
6846
9645
8761
9077
69
778
7709
8265
385
2525
8281
6861
5772
8659
2232
5137
6276
19
6750
6969
471
4606
7841
1994
5237
6295
8847
9836
4620
3172
6859
7187
8194
2549
3450
5628
9719
7333
7077
8734
7520
44
474
1335
8805
3906
6674
4231
5794
8413
9581
6170
1964
2426
5407
9767
4628
2396
3710
8353
1286
2979
336
2112
3565
3661
2267
9080
2734
2794
7509
1113
7219
2316
2532
2622
9839
814
4710
7283
330
9454
4767
3370
2999
1210
9200
2392
5739
2813
2498
9406
4120
3099
6815
733
2982
7539
4440
5390
7088
2805
538
9695
4655
6502
9408
6604
2708
6809
3493
966
3385
4174
3305
3617
3462
2213
3050
9983
822
5595
7291
370
5405
6794
3141
8957
9410
2407
2130
267
8529
3710
3471
9124
6090
6705
7803
482
4357
6345
5287
8423
1815
5375
6043
5429
5862
7021
8192
2903
8138
1065
3292
5603
579
1790
3450
4173
8986
4668
651
5586
3015
6356
9830
9953
6022
1438
5648
3993
2854
1659
1767
2213
4549
183
4089
4616
2023
8843
7949
9633
8035
7578
3569
8890
8487
453
103
1722
4698
9290
6113
618
2177
441
2292
794
3927
3492
7626
5386
8132
1229
5666
9460
3421
3635
4575
1856
2957
9090
9662
7562
4287
8675
7718
5748
6826
3089
4437
4613
3938
442
5196
4059
7659
9154
5829
3829
3179
7546
3249
8315
4838
355
1802
3596
908
9464
5874
5128
5878
3520
9750
7610
8875
5172
9308
2087
9398
4221
310
2162
428
9975
4330
3997
2817
6507
7192
4730
2209
2753
7121
8373
1786
696
8880
2589
9968
864
9670
3295
5499
7238
6534
4549
112
4507
5417
3656
2393
8306
25
3326
7660
8020
1586
3912
8252
4272
4303
6338
6967
3265
4031
1703
9822
8197
7782
5734
1284
2093
2855
7595
5660
7932
891
6349
6630
7405
9245
109
8157
4062
9560
4606
6672
6992
6111
4757
2905
1119
2158
7005
1697
7515
8819
4493
8463
372
534
6694
1329
5320
2319
892
9977
5084
4290
9300
3208
9417
7988
6678
189
9321
4781
3562
9200
6755
7039
5380
9845
6826
6577
8550
8152
3293
299
8268
34
7102
6445
5197
33
469
3450
7528
9413
6
4121
5408
3130
8891
9451
128
4293
8700
4430
9964
5647
8585
5080
3009
1957
3513
2186
2247
9231
2776
3669
9212
8384
4570
9225
4594
3300
5008
9263
4457
4906
788
3081
2673
5093
9292
8030
4862
9282
4780
4171
2642
6701
7348
6853
844
5962
3425
4723
7451
4962
6057
6621
209
2195
3300
4041
542
4734
3141
1201
3594
7700
1047
6753
4660
1324
9330
9484
8920
7522
3731
3619
8826
8819
3785
1918
3359
1662
4134
5519
7395
7644
9518
2016
2155
3597
8938
621
2275
7873
2980
7111
8638
3250
1068
6463
9106
5703
392
7127
8037
4184
9621
170
4658
5895
2392
2671
2740
3939
1373
2086
4781
5995
3223
8399
1505
286
4484
1350
9004
9747
6391
9654
5811
8834
93
9168
9193
99
9892
9555
3211
2644
6563
9419
6884
685
7584
7838
8767
9588
6894
2345
5
2025
1537
3588
4131
9911
2100
2141
6081
4085
2715
3494
880
7970
6145
9709
8756
1551
161
3536
5618
7194
3215
4063
7850
3380
1373
26
5699
431
2456
9929
2289
8388
3191
414
3918
429
4971
7885
7832
8709
3516
9849
8946
6746
7494
313
4825
7586
8582
1818
5853
3495
6896
9931
9519
7683
5842
2457
1661
4689
5586
338
1479
5939
9804
3166
9191
2133
3339
9594
2711
6560
9084
3566
2814
3437
7726
5936
5991
92
8607
2001
8476
4049
3920
6705
3583
6549
7965
586
6422
332
9243
3705
731
5514
1606
9086
2377
5027
6908
6366
4230
663
9447
3132
7864
7285
5930
3970
5851
5983
8947
498
2612
9287
8072
4801
2956
3750
1754
2461
3989
1379
1951
5859
4803
9995
684
6651
1725
6319
7277
243
2686
1118
9194
7192
7831
4638
8289
8432
331
2643
1952
4066
2123
5459
7981
3936
7062
2603
2622
2622
9962
1525
2925
9563
8547
1446
4462
7382
6950
7239
9112
645
1765
7098
5036
795
7045
4241
4563
3681
4073
4741
6837
3038
6961
8939
1889
3149
4637
2066
1934
3710
7394
8279
4060
2756
1228
3301
2666
8746
3190
1653
9227
8480
7246
1942
8347
4615
5307
3223
7212
187
4289
9303
8113
7938
9255
5454
8595
1126
3202
9728
14
8556
2447
9496
5149
854
8879
7613
7526
1895
7757
5473
1512
1697
9064
1455
435
2406
40
3452
8219
9459
6180
9198
9338
9373
3207
7513
7934
1668
9231
1382
3744
4703
7490
1287
9931
9400
8342
8239
9902
8886
4475
2939
9011
2993
5120
7149
7304
6775
9678
4600
4615
4504
9584
8051
8148
467
8088
8702
4852
3837
1095
2926
9903
3606
7640
9892
7609
5899
6862
8244
8152
8496
5231
9509
1960
4237
7099
4507
5753
6269
9626
2961
6600
7652
601
2199
5303
4051
9624
9706
1149
5396
1999
8811
9205
5090
1126
7512
6367
2829
4822
2579
6552
1534
6218
1157
484
1670
154
5117
3370
3160
1213
4289
9144
9898
1931
4724
638
8341
514
8840
1157
6923
8830
8685
4687
6259
4740
3515
7002
3182
1012
4003
9725
5652
2004
3339
4503
749
4776
9317
5144
6531
3335
6816
6614
844
7549
1556
294
4491
2439
2567
844
9080
5189
5842
5784
5129
2090
3579
6982
1160
1710
6378
9006
6618
6596
1004
7306
8453
10000
8243
1511
8419
1942
1036
4932
4273
3812
3392
991
2322
825
9644
2355
1520
8996
7420
9853
4970
9211
5543
6536
6451
1805
2013
8270
537
6052
4885
8339
912
4060
4803
9344
7835
9007
4165
2283
5674
581
9917
7315
5742
5892
6157
5418
7979
3432
6861
4573
3956
3579
6909
5540
6278
7474
2765
3380
6961
4696
5462
7354
2963
3393
5038
816
7836
4141
5352
2954
1553
3559
9992
5646
9709
2059
9920
5140
9702
8427
350
5376
4050
182
1467
9561
6437
7194
8971
2119
89
6355
3589
220
8054
6466
2220
9829
3696
8109
7251
6196
962
5768
1203
1916
3587
9539
3343
2325
8814
3613
1177
8387
1598
3153
2041
4759
2823
4979
6338
4496
4857
9011
701
9708
7833
8290
5587
4052
2274
9356
3908
7609
2292
6510
9514
9731
4150
6865
3148
6175
9550
7524
8109
3044
7015
3446
9341
9875
6297
9881
4174
211
3770
6895
3813
8673
6609
8108
9058
4839
9641
8617
8386
6575
7939
6329
2331
9153
939
420
8098
6148
1447
1169
4714
6562
8281
8484
7079
9913
9048
1526
9825
7477
173
7862
237
4679
7331
9485
1774
1870
8875
1345
2139
4193
3093
9524
5885
6112
2424
4267
2735
7532
6746
2703
2002
2760
1955
7266
5373
3772
3127
7296
8823
4619
5723
1095
3093
5959
7470
5023
8882
4169
8149
4144
5798
5796
3670
876
8945
6475
7552
3379
6847
3664
6996
2257
8285
9091
6785
4597
5575
3570
4958
5886
2458
8519
5281
9081
2768
2583
715
8875
1789
5998
9021
4919
4891
1275
8573
9147
8287
9255
2472
9538
7062
2537
145
949
134
9923
6136
9897
5671
2391
5853
5228
1522
5986
7007
5120
7413
5028
230
8917
9727
6823
6491
836
7111
9212
652
4080
181
2936
7096
1296
9331
9413
5092
6541
4636
8039
6200
1729
5463
7654
3301
3054
244
9795
4586
7745
7981
7227
8350
9878
3508
2105
978
4060
5002
1820
3398
9585
4992
8459
6980
4613
8585
9003
8733
4492
6236
8812
8363
7450
9635
4535
3819
2614
7389
6290
7166
5239
9159
5073
8986
8969
7690
7851
2459
9541
7140
3306
1839
2911
4957
3910
7260
9631
7499
6772
9058
6736
7138
9407
5755
5755
4363
8302
7695
8358
6854
8090
9091
8133
1570
1600
9677
1329
7742
9390
1754
8529
4355
9111
6826
696
1185
4852
6479
8545
5502
5523
3293
2528
3055
6429
4433
414
4040
5430
4012
3835
2607
8535
8893
3463
7645
9962
7163
3581
2897
4580
6934
1267
4895
4177
9421
2936
7949
8517
5511
6611
4800
247
6241
7714
9332
8501
2707
8497
4378
7360
5665
1662
6189
4858
9448
8525
592
5859
3627
5643
8645
6406
7927
3494
5892
9399
6913
5289
5596
5813
2203
1602
3127
3315
3877
1629
195
9003
4601
9229
614
6031
7015
5848
7702
2954
1397
9096
7462
357
4820
3612
6492
4211
301
9853
9133
1755
3686
7639
6440
2122
8698
975
4455
6530
1393
9098
9790
6858
5789
339
884
2305
5308
1798
6605
8180
9270
8404
2589
7409
8231
4607
2862
3897
9794
333
7905
1763
3432
4426
897
8698
8107
400
846
9937
6053
2223
3254
962
7127
4772
1416
4730
923
5884
954
3300
3521
5583
1173
3206
7258
4023
573
964
2630
2994
4249
1314
4414
6644
2106
8545
278
3506
666
3625
6254
4117
2897
9166
9673
2385
2989
8749
2297
2018
7062
5573
1123
2856
6192
5454
9383
7915
4994
1233
8436
4602
2325
3464
6057
5524
6718
7385
7688
1421
2847
5790
4194
3390
771
7298
7825
5723
9114
3824
2689
8906
8690
8464
1852
6237
5115
7116
9950
401
4885
9536
2178
445
8588
6601
6840
4415
4339
9876
153
146
1177
83
9959
2174
5677
5068
350
2637